339101
339040
338967
338903
338769
338707
338415
338292
338191
338167
337869
337711
337616
337560
337452
337432
337424
337412
337298
337293
337249
337194
337159
337055
337024
337013
336903
336818
336814
336774
336701
336682
336648
336635
336626
336614
336612
336611
336610
336609
336464
336370
336297
336143
336042
342640
342532
342351
342324
341929
341885
341756
341504
340831
340766
340753
340297
340264
340115
340070
340050
339852
339808
339618
339466
339401
339380
339331
346485
346452
346419
346403
346391
346388
346284
346075
345893
345827
345728
345566
345524
345517
345375
345314
345057
345006
344880
344490
344486
344351
344249
344158
343843
343737
343498
343455
343407
343340
343083
343022
342920
347822
346960
346855
346612
346583
326706
326621
325825
325739
325615
325454
325354
325278
325124
325114
325000
324977
324835
324798
324736
324600
324505
324485
324442
324298
324195
324192
324115
324011
323829
323624
330405
330323
330303
330066
330059
330024
330009
329967
329925
329894
329807
329798
329710
329514
329446
329386
329284
329270
329212
329139
328661
328426
328161
328094
327961
327960
327614
327518
327405
327233
327126
326932
326899
333976
333955
333840
333728
333678
333450
333313
333258
332969
332816
332785
332602
332595
332594
332480
332476
332383
332294
332194
332187
332170
332043
331961
331657
331542
331530
331489
331439
331435
331418
331392
331317
331254
331194
331192
331160
331106
331089
331021
330896
330542
330498
335759
335524
335442
335430
335358
335354
335224
335174
335001
334885
334865
334751
334710
334708
334638
334627
334626
334625
334618
334586
334581
334513
334510
334423
334390
334377
334142
314404
314396
314362
314341
314291
314116
313926
313889
313816
313764
313548
313458
313333
313260
313126
313078
313074
313053
313020
313010
313009
312997
312925
312919
312860
312787
312480
312371
312274
312272
312249
312225
312168
312097
311916
311876
311759
311666
311641
311618
311521
311513
311469
311453
311442
311385
311368
311192
311068
311013
317987
317920
317866
317824
317815
317740
317563
317524
317511
317499
317478
317443
317398
317270
317267
317232
317231
317214
317190
317034
317011
317003
316921
316731
316392
316373
316091
316021
316020
315961
315908
315834
315795
315654
315478
315340
315315
315273
315205
314729
314640
321451
320891
320783
320696
320489
320334
320237
320214
320026
319900
319863
319671
319640
319504
319337
319274
319173
318788
318589
318500
318460
318358
318289
318251
318162
318127
323387
323130
323093
322950
322928
322832
322717
322358
322341
322278
322169
322023
321960
321955
321900
321871
321750
301922
301917
301887
301877
301864
301778
301477
301465
301396
301324
301212
301024
300957
300882
300869
300801
300644
300617
300604
300600
300569
300430
300427
300268
300184
300170
300169
300164
300138
300057
299954
299768
299728
299720
299600
299573
299522
299498
299296
299187
299160
299145
298997
298985
298892
298891
298878
298873
298870
298698
298632
298616
298608
298601
298557
305501
305493
305327
305300
305218
305183
305148
305086
305073
305019
304946
304776
304766
304736
304714
304680
304612
304545
304518
304454
304393
304376
304318
304142
304120
304092
304044
304032
303910
303902
303900
303867
303841
303814
303809
303787
303746
303730
303724
303618
303561
303514
303401
303313
303209
303083
303013
302982
302924
302789
302700
302689
302688
302656
302567
302509
302425
302386
302294
302164
302090
301991
309170
309108
309091
309057
309038
308972
308893
308829
308724
308708
308694
308692
308637
308592
308585
308563
308328
308289
308230
308142
307877
307749
307680
307615
307606
307605
307543
307513
307507
307450
307445
307406
307387
307316
307299
307283
307263
307184
307153
307112
307002
306976
306921
306837
306835
306779
306562
306547
306543
306530
306501
306440
306386
306192
306189
306162
305995
305927
305774
305611
310870
310832
310823
310695
310650
310635
310523
310500
310308
310284
310202
310141
310074
310026
310002
309986
309854
309758
309630
309626
309606
309392
309308
309288
309285
309247
289382
289332
289320
289242
289213
289195
289189
289106
289045
289022
288940
288924
288904
288851
288849
288830
288808
288781
288739
288735
288728
288666
288565
288369
288290
288277
288265
288262
288178
288088
288087
288086
288023
287985
287892
287891
287884
287880
287867
287843
287824
287775
287754
287738
287734
287699
287691
287647
287639
287615
287571
287542
287471
287444
287355
287284
287256
287171
287076
287025
286994
286961
286943
286929
286927
286884
286866
286857
286744
286733
286732
286714
286711
286703
286664
286638
286634
286567
286554
286533
286526
286484
286417
286380
286378
286360
286335
286306
286302
286206
286194
286176
286174
286140
286124
286115
286096
286044
285996
285980
293066
293029
292940
292918
292884
292833
292792
292781
292738
292697
292650
292638
292623
292595
292565
292519
292517
292442
292431
292429
292412
292344
292340
292329
292273
292192
292143
292059
292057
292001
291950
291930
291860
291846
291810
291764
291731
291703
291681
291639
291635
291583
291517
291479
291399
291395
291337
291246
291228
291142
291119
291099
291025
290971
290885
290845
290811
290810
290807
290804
290801
290799
290788
290786
290769
290763
290692
290654
290627
290615
290611
290595
290477
290418
290364
290268
290232
290184
290162
290151
290126
290063
290046
290009
290004
289946
289932
289931
289928
289922
289870
289829
289799
289793
289790
289783
289705
289598
296778
296661
296637
296555
296476
296385
296355
296287
296259
296255
296253
296226
296033
296021
295937
295934
295903
295901
295894
295875
295837
295823
295814
295813
295801
295780
295774
295757
295687
295666
295664
295622
295613
295595
295572
295492
295460
295423
295362
295278
295264
295210
294998
294994
294897
294889
294887
294854
294853
294822
294725
294652
294645
294556
294538
294458
294439
294436
294433
294360
294331
294324
294244
294214
294155
294142
294110
294084
293991
293913
293853
293837
293836
293807
293737
293684
293564
293513
293459
293444
293440
293347
293323
293271
293248
293199
293178
298406
298367
298348
298251
298222
298219
298094
298067
297959
297930
297928
297863
297819
297729
297726
297576
297497
297389
297317
297176
297171
297052
297004
296981
296980
296974
296970
296895
296879
296791
276439
276372
276351
276197
274791
273626
279805
279755
279741
279524
279333
278995
278820
278432
277939
277882
277821
277626
277624
277603
277233
283835
283792
283789
283786
283760
283751
283747
283746
283740
283734
283727
283713
283691
283690
283678
283676
283675
283673
283672
283659
283654
283615
283601
283600
283599
283596
283594
283587
283586
283585
283584
283551
283544
283534
283533
283529
283528
283515
283506
283501
283495
283481
283475
283474
283466
283465
283464
283459
283452
283451
283448
283447
283421
283418
283414
283397
283394
283386
283383
283376
283371
283368
283366
283359
283356
283351
283346
283342
283336
283334
283327
283303
283302
283301
283295
283291
283290
283265
283260
283256
283252
283243
283242
283241
283236
283234
283219
283216
283215
283205
283204
283181
283176
283174
283165
283159
283158
283155
283132
283130
283129
283127
283090
283087
283083
283078
283061
283050
283036
283034
283031
283030
283024
283021
283014
283013
283008
282999
282991
282986
282977
282973
282969
282955
282949
282945
282939
282918
282913
282908
282905
282903
282895
282893
282892
282889
282873
282870
282863
282859
282849
282847
282842
282838
282828
282819
282804
282803
282800
282797
282794
282776
282775
282773
282769
282765
282759
282746
282735
282724
282722
282714
282708
282700
282695
282691
282685
282681
282674
282670
282664
282654
282650
282644
282641
282637
282635
282628
282627
282619
282606
282605
282604
282602
282600
282588
282584
282583
282581
282574
282563
282560
282557
282550
282545
282544
282542
282532
282528
282518
282507
282503
282498
282492
282491
282490
282489
282486
282479
282473
282468
282459
282455
282451
282437
282434
282429
282428
282422
282411
282400
282395
282383
282377
282370
282366
282343
282342
282338
282337
282334
282321
282310
282308
282298
282296
282294
282287
282286
282277
282271
282269
282262
282257
282245
282237
282236
282233
282229
282225
282222
282221
282215
282209
282204
282201
282195
282189
282182
282180
282172
282169
282164
282162
282161
282157
282155
282153
282144
282141
282136
282135
282133
282132
282131
282130
282127
281924
281475
281386
281275
281252
281156
280783
280582
280360
280357
280344
285967
285953
285947
285920
285851
285811
285801
285796
285792
285687
285684
285667
285646
285634
285615
285571
285560
285555
285553
285482
285445
285407
285377
285319
285250
285219
285195
285192
285190
285189
285104
285089
285058
285057
285051
285036
285022
285017
285010
284986
284985
284980
284971
284970
284958
284948
284937
284936
284925
284924
284918
284912
284895
284889
284865
284862
284860
284840
284833
284829
284826
284801
284791
284776
284774
284765
284745
284729
284712
284700
284682
284676
284675
284660
284645
284631
284628
284627
284624
284623
284617
284612
284607
284600
284585
284573
284554
284536
284531
284526
284521
284507
284484
284460
284416
284411
284406
284360
284347
284339
284323
284262
284261
284226
284208
284199
284189
284168
284147
284103
284079
284053
284050
283991
283987
283963
283936
283935
283928
283923
283884
283877
283872
283868
264054
263927
263824
263783
263781
263687
263292
263209
263142
263046
262846
262689
262458
262172
261723
261716
261644
261517
261515
261511
261490
261307
267492
267491
267203
266747
266718
266354
266021
266017
265901
265684
265162
265101
264731
264541
264466
264454
264450
264342
271331
271222
271029
270826
270226
270106
270027
269715
269505
269418
269323
268827
268520
273236
273148
273140
273136
273133
273131
273123
272473
272127
271846
271579
250796
250313
249828
255354
255304
255152
255026
255005
254973
254949
254908
254892
254881
254858
254823
254570
254566
254561
254309
254304
254283
254265
254253
254223
254180
254170
254161
254149
254136
254098
254078
254073
254064
254038
254031
253965
253948
253926
253919
253897
253887
253849
253797
253763
253751
253671
253616
253615
253614
253564
253561
253559
253558
253556
253555
252738
251895
258977
258638
258578
258317
258208
258200
258165
258044
257920
257399
257239
257220
257132
256824
256781
256736
256413
256257
256205
256131
256015
255906
255787
255780
255611
255572
260875
260866
260853
260619
260538
260356
260348
260263
260262
260108
259849
259823
259771
259709
259626
259610
259560
259413
259190
239217
239183
239176
239029
238048
238030
237678
237584
237578
237430
237413
237355
236868
236817
236816
236704
236649
236416
236415
236408
235980
242767
242663
242188
242008
241790
241572
241200
241008
240935
240632
240376
240105
240088
245590
244746
244561
243636
243243
242978
242953
226591
226574
226522
226489
226434
226428
226403
226388
226379
226376
226345
226341
226333
226328
226308
226300
226286
226278
226266
226257
226244
226225
226187
226186
226172
226165
226153
226149
226144
226138
226135
226114
226108
226082
226072
226071
226069
226068
226048
226043
226035
226033
226021
226020
226007
225991
225985
225982
225951
225948
225944
225941
225914
225909
225900
225891
225882
225880
225875
225873
225860
225856
225853
225830
225828
225825
225824
225822
225804
225801
225799
225791
225783
225780
225777
225771
225767
225764
225754
225753
225723
225720
225719
225717
225714
225707
225706
225700
225693
225690
225689
225678
225666
225665
225661
225651
225648
225644
225642
225640
225639
225638
225635
225634
225633
225632
225627
225624
225619
225605
225593
225585
225576
225570
225559
225543
225536
225535
225533
225532
225528
225525
225524
225521
225520
225515
225511
225509
225508
225507
225500
225496
225494
225491
225486
225485
225476
225475
225466
225463
225459
225455
225454
225451
225445
225439
225436
225435
225434
225432
225430
225423
225421
225420
225419
225417
225415
225405
225404
225401
225396
225395
225391
225387
225386
225385
225381
225379
225378
225377
225376
225367
225355
225352
225351
225350
225342
225332
225331
225323
225322
225318
225315
225313
225312
225310
225306
225305
225304
225302
225295
225293
225285
225283
225277
225271
225270
225268
225265
225261
225254
225248
225237
225229
225228
225226
225225
225224
225222
225219
225209
225207
225197
225195
225191
225185
225184
225178
225176
225174
225173
225169
225168
225163
225155
225146
225143
225141
225132
225131
225129
225128
225127
225126
225120
225116
225114
225112
225111
225108
225107
225106
225101
225100
225095
225093
225092
225090
225086
225084
225082
225081
225070
225068
225065
225059
225057
225056
225055
225045
225043
225042
225039
225037
225036
225031
225030
225028
225025
225022
225020
225019
225018
225014
225010
225004
225001
224999
224996
224995
224993
224992
224990
224986
224982
224980
224976
224963
224962
224961
224959
224958
224957
224951
224950
224949
224947
224945
224943
224942
224937
224932
224931
224930
224925
224920
224919
224909
224906
224904
224901
224898
224896
224895
224894
224893
224892
224889
224888
224886
224885
224882
224880
224875
224874
224872
224870
224869
224867
224863
224862
224755
224682
224677
224667
224636
224625
224556
224461
224357
224119
224031
223998
223966
223868
223845
223602
223567
223522
229382
229340
229285
229284
229248
229046
229040
228924
228556
228540
228291
228163
228026
227867
227866
227865
227625
227538
227405
227346
227270
227198
227131
227032
227004
226896
226824
226812
226807
226708
226649
232611
232560
232509
232297
231988
231712
231522
231498
231353
230583
230267
235964
235554
235183
235018
234877
234837
234631
234630
234543
234221
234099
234082
233899
233880
214145
214016
213926
213842
213731
213642
213556
213540
213477
213282
213249
213235
212916
212803
212617
212406
212250
212021
212009
211949
211936
211901
211691
211570
211564
211557
211545
211540
211539
211511
211508
211434
211331
211110
211108
211078
211066
211058
217574
217500
217344
217240
217097
217064
217048
216999
216891
216777
216750
216667
216597
216542
216524
216453
216346
216195
216179
215997
215963
215828
215599
215568
215517
215348
215286
214998
214913
214668
214203
221222
221075
221015
220794
220620
220604
220573
220520
220204
220074
219892
219868
219850
219794
219661
219447
219370
219300
219141
219135
218874
218844
218836
218784
218578
218391
218347
218287
218022
217980
217969
217949
217944
217930
217881
217872
217857
217833
222751
222745
222744
222599
222428
222380
222329
222229
222222
222207
221927
221920
221905
221864
221706
221592
221571
221483
201746
201715
201709
201698
201680
201658
201651
201626
201614
201611
201609
201521
201511
201510
201442
201304
201299
201182
201155
201080
201052
200981
200953
200926
200915
200911
200864
200826
200186
200152
200103
200042
199966
199857
199786
199664
199589
199571
199453
199434
199350
199330
199288
199270
199196
199141
199073
199038
198968
198954
198748
198692
198640
198596
198558
198557
205356
205284
205220
205211
205022
204993
204883
204836
204708
204700
204683
204615
204485
204376
204373
204372
204310
204279
204168
204126
204038
204030
204028
204007
203978
203849
203841
203816
203698
203694
203661
203548
203539
203501
203475
203447
203389
203354
203293
203213
203188
203146
203124
203083
203080
203064
202971
202910
202780
202710
202690
202659
202657
202656
202565
202508
202412
202402
202381
202369
202305
202224
202127
202118
202108
202072
202026
201959
201933
201875
208891
208764
208734
208705
208558
208442
208303
208228
208184
208050
207944
207911
207852
207832
207765
207737
207727
207688
207645
207505
207444
207432
207233
207227
207169
207153
207149
207020
206943
206903
206752
206591
206565
206554
206540
206524
206501
206500
206485
206362
206338
206170
206061
206053
206050
205737
205627
205605
205443
205408
205391
210866
210762
210728
210617
210561
210560
210476
210300
210183
210131
210029
209751
209650
209489
209365
209206
189306
189133
189100
188991
188988
188952
188741
188269
188122
188097
187994
187714
187634
187530
187527
187526
187515
187384
187381
187378
187362
187321
187305
187206
187182
187157
187138
187136
187130
187109
187038
187032
187027
187013
187008
186987
186973
186968
186956
186922
186919
186899
186843
186833
186813
186774
186728
186717
186703
186688
186687
186682
186677
186676
186671
186667
186666
186664
186660
186656
186653
186652
186651
186644
186643
186641
186639
186638
186636
186635
186633
186632
186630
186621
186620
186617
186607
186604
186603
186602
186600
186599
186586
186577
186567
186540
186533
186524
186517
186515
186514
186505
186463
186440
186396
186361
186309
186277
186209
186133
186052
186008
193010
192962
192817
192790
192623
192591
192555
192477
192447
192444
192427
192340
192326
192323
192190
192087
192005
191989
191982
191981
191934
191888
191862
191724
191719
191711
191684
191648
191575
191467
191344
191304
191187
191160
191157
191094
191067
190998
190950
190940
190939
190811
190753
190732
190710
190648
190635
190617
190584
190475
190466
190440
190406
190401
190391
190375
190360
190305
190278
190166
190088
189980
189909
189804
189738
189688
189614
189585
189582
189547
189529
196507
196485
196474
196370
196319
196300
196217
196184
196180
196175
196166
196149
196104
196073
196063
196059
196053
196038
195971
195959
195818
195718
195658
195604
195602
195551
195529
195400
195350
195271
195259
195249
195130
195115
195099
195094
195068
195052
195016
194989
194971
194866
194827
194808
194771
194737
194645
194577
194532
194479
194263
194220
194144
194097
194060
194027
193972
193922
193870
193844
193843
193812
193749
193724
193674
193660
193635
193479
193458
193420
193404
193398
193341
193280
193192
193190
193186
193109
198439
198242
198237
198204
198195
198194
198154
198143
198059
198050
198031
198027
197999
197954
197856
197783
197713
197607
197524
197512
197460
197421
197282
197268
197255
197251
197171
197071
196846
196843
196841
196840
196805
196735
196675
176895
176821
176818
176812
176725
176713
176703
176649
176621
176555
176430
176295
175991
175965
175861
175847
175814
175771
175770
175741
175633
175445
175395
175126
175125
175110
175043
175012
174996
174986
174806
174783
174758
174714
174671
174548
174452
174421
174384
174370
174319
174252
174214
174113
174106
174097
174090
174070
173913
173818
173664
173637
173612
173488
180623
180611
180583
180542
180459
180457
180456
180428
180145
180080
180044
179866
179777
179712
179649
179530
179487
179478
179448
179420
179265
179221
179065
178972
178944
178926
178904
178897
178808
178774
178765
178745
178628
178562
178455
178427
178303
178277
178189
178162
178122
178102
178088
177990
177944
177902
177883
177789
177727
177682
177675
177660
177594
177578
177548
177478
177466
177414
177386
177358
177336
177333
177321
177305
177222
177171
177167
184254
184241
184171
184151
183973
183944
183888
183526
183392
183279
182925
182759
182744
182645
182626
182625
182590
182578
182461
182379
182297
182261
182221
182188
182175
182174
182056
182040
181915
181832
181820
181817
181773
181649
181554
181550
181531
181510
181435
181426
181420
181394
181341
181290
181180
181153
181071
181052
180995
180953
180929
180906
180890
180686
185769
185765
185761
185711
185570
185526
185505
185396
185352
185118
185015
184986
184985
184965
184950
184876
184784
184663
184650
184644
184628
184604
184577
184535
184523
184507
184506
184487
184473
184464
184431
184407
184319
184277
164103
164073
164003
163998
163968
163954
163940
163879
163857
163845
163599
163596
163543
163500
163372
163305
163229
163221
163162
163134
163133
163021
163015
162956
162897
162837
162687
162621
162479
162445
162444
162413
162332
162258
162180
162158
162081
161942
161890
161875
161864
161727
161685
161604
161581
161573
161540
161527
161515
161344
161269
161267
161240
161171
161088
161086
161082
161075
161030
167739
167636
167516
167509
167505
167478
167395
167272
167239
167212
167163
167066
166975
166816
166797
166776
166688
166661
166627
166574
166518
166505
166414
166410
166344
166276
166266
166228
166185
166149
166086
166070
166047
166011
166010
165963
165870
165823
165805
165802
165672
165658
165476
165460
165396
165348
165343
165331
165297
165238
165218
165213
165151
165029
164897
164702
164701
164661
164654
164642
164634
164601
164586
164577
164540
164523
164450
164386
164382
164346
164345
164344
164296
164220
164216
164202
164194
164193
164147
164146
171317
171238
171148
171125
171102
171091
171067
171013
170939
170926
170789
170579
170559
170480
170437
170405
170351
170225
169917
169857
169757
169755
169750
169735
169575
169565
169489
169484
169461
169431
169401
169298
169297
169270
169260
169161
169036
168884
168863
168820
168740
168702
168654
168650
168638
168612
168609
168435
168427
168400
168338
168257
168245
168201
168180
168117
168087
168054
168014
167926
167918
167889
167875
167830
167824
167774
173426
173350
173168
173156
173107
173025
172978
172973
172967
172953
172888
172849
172832
172755
172727
172684
172659
172650
172628
172582
172552
172518
172487
172482
172464
172423
171991
171986
171975
171920
171915
171857
171831
171820
171791
171759
171754
171743
171717
171706
171661
171642
171640
171610
171569
171465
171441
171437
171399
171380
171362
151725
151663
151635
151555
151546
151434
151193
151042
151018
150908
150761
150702
150689
150641
150534
150527
150523
150456
150166
150137
150125
150067
149968
149841
149738
149697
149651
149460
149344
149338
149223
149214
149194
149185
149134
149120
149041
148898
148876
148860
148854
148800
148752
148751
148740
148718
148682
148547
148546
148537
155316
155282
155248
155245
155226
155218
155196
155193
155185
155137
155136
155106
155039
155021
155001
154963
154932
154894
154860
154830
154819
154797
154761
154744
154718
154675
154628
154606
154580
154570
154562
154557
154502
154478
154472
154377
154356
154351
154294
154278
154259
154233
154230
154206
154189
154172
154163
154158
154156
154136
154133
154117
154107
154100
154095
154048
153990
153984
153921
153871
153821
153807
153796
153709
153692
153681
153658
153649
153648
153626
153614
153602
153576
153558
153552
153535
153514
153509
153500
153496
153495
153456
153425
153405
153404
153402
153401
153398
153394
153303
153294
153286
153256
153239
153233
153185
153177
153162
153152
153144
153136
153096
153093
153066
153052
153037
153028
153014
153011
152981
152957
152953
152943
152921
152867
152853
152818
152703
152686
152676
152592
152571
152569
152568
152565
152560
152547
152517
152464
152454
152406
152384
152356
152326
152256
151880
151819
158952
158918
158904
158882
158805
158793
158751
158731
158533
158492
158476
158468
158466
158455
158454
158434
158412
158376
158367
158351
158309
158227
158179
158146
158113
158100
158067
157997
157988
157907
157895
157870
157798
157725
157702
157640
157590
157559
157545
157535
157528
157473
157440
157423
157358
157352
157339
157332
157321
157260
157242
157209
157131
157125
157072
157007
157000
156991
156988
156960
156947
156922
156883
156776
156737
156705
156690
156689
156675
156668
156620
156579
156577
156574
156572
156560
156558
156502
156467
156430
156370
156349
156322
156318
156302
156279
156245
156234
156203
156129
156061
156056
156025
156024
156023
155959
155957
155902
155885
155876
155845
155829
155821
155820
155812
155810
155793
155744
155738
155717
155695
155692
155679
155665
155652
155646
155635
155628
155606
155553
155541
155506
155474
155410
155390
155389
160957
160918
160906
160715
160664
160557
160529
160522
160498
160496
160428
160371
160336
160318
160256
160204
160194
160098
160075
160059
159998
159982
159980
159966
159935
159911
159756
159723
159697
159692
159661
159653
159613
159591
159580
159482
159372
159328
159260
159238
159233
159112
159006
139290
139227
139125
139118
139014
138972
138827
138761
138640
138594
138557
138523
138517
138427
138414
138336
138231
138189
138127
137991
137937
137830
137769
137659
137540
137346
137302
137272
137268
137265
137075
136969
136941
136920
136784
136612
136605
136566
136503
136492
136393
136371
136283
136209
136163
136053
136031
136026
135991
142928
142857
142821
142565
142517
142496
142452
142447
142429
142420
142111
142073
141994
141990
141987
141859
141830
141819
141806
141719
141639
141605
141582
141390
141359
141345
141301
141226
141095
141059
141055
140880
140628
140473
140471
140450
140398
140333
140296
140295
140274
140240
140229
140224
140183
140166
140038
140004
139982
139957
139927
139906
139895
139841
139773
139748
139741
139730
139617
139526
139373
146591
146574
146486
146471
146461
146458
146347
146329
146301
146270
146250
146242
146145
146102
146097
146087
146010
145994
145856
145848
145845
145824
145819
145805
145715
145617
145606
145563
145498
145494
145289
145200
145146
145129
145114
145054
145049
144967
144623
144552
144502
144497
144318
144260
144212
144132
144060
144030
144004
144001
143994
143974
143928
143925
143905
143888
143784
143743
143666
143614
143554
143495
143466
143306
143190
143181
143179
143094
143047
143011
148322
148310
148276
148226
148188
148076
148055
148024
147979
147972
147953
147754
147706
147647
147641
147474
147380
147300
147254
147242
147210
147165
147134
147047
147007
146893
146859
146857
146844
146823
146652
146643
146618
126953
126906
126828
126801
126767
126609
126575
126387
126217
126141
126053
126052
126033
126023
126009
125991
125932
125915
125908
125903
125899
125880
125863
125846
125818
125772
125520
125438
125274
125223
125149
125146
125021
124978
124943
124936
124850
124849
124848
124831
124815
124787
124775
124763
124746
124734
124669
124592
124499
124498
124478
124428
124208
124145
124009
123938
123845
123829
123804
123766
123751
123610
123595
123549
123547
123478
130389
130372
130145
129978
129893
129810
129637
129538
129513
129253
129236
129155
129095
129043
128969
128933
128889
128810
128778
128761
128759
128710
128694
128648
128603
128587
128572
128521
128481
128379
128210
128181
128164
128141
127870
127810
127803
127798
127765
127644
127630
127606
127598
127559
127534
127505
127478
127453
127417
127416
127414
127401
127381
127216
127201
127181
127179
127155
127146
127145
127018
126965
134077
134071
133919
133865
133844
133815
133779
133768
133761
133608
133592
133563
133272
133251
133242
133169
133047
132981
132927
132912
132815
132773
132765
132754
132707
132686
132628
132607
132601
132571
132543
132536
132442
132287
132236
132223
132198
132121
132024
131969
131894
131810
131809
131672
131634
131633
131625
131585
131553
131464
131427
131349
131234
131220
131156
131144
131135
131133
131115
131052
131049
130625
135922
135904
135830
135693
135517
135485
135436
135349
135334
135333
135323
135308
135048
134909
134885
134862
134846
134674
134663
134506
134416
134414
134323
134269
134230
134229
113705
113076
112278
115490
115152
121185
121165
121029
120982
120974
120942
120927
120889
120854
120806
120783
120744
120742
120620
120591
120584
120451
120433
120400
120397
120389
120323
120292
120279
120239
120131
119974
119973
119835
119832
119775
119754
119753
119715
119706
119694
119647
119096
123465
123448
123443
123417
123415
123410
123396
123356
123187
123056
122976
122823
122766
122695
122682
122669
122560
122539
122385
122243
122211
122185
122165
122054
122049
122042
122034
122027
121991
121866
121838
121700
121692
121690
121667
121633
121632
121622
121618
121570
121520
121490
121426
121362
121334
100371
100353
100219
99206
99203
99070
99041
98928
98834
98827
98591
98538
98514
98495
98494
98493
98482
105147
105087
103677
102144
102134
101818
108671
105979
105974
105531
105367
105263
110648
110396
108811
89190
89116
89067
89052
88984
88945
88855
88852
88814
88581
88579
88518
88331
88260
88185
87984
87843
87793
87745
87697
87626
87579
87549
87515
87505
87433
87332
87328
87327
87197
87158
87102
87069
87061
87007
86913
86912
86800
86799
86687
86675
86646
86630
86565
86501
86486
86449
86428
86301
86165
86149
86137
86132
86064
86037
86024
92424
92423
92422
92419
92418
92417
92413
92412
92407
92406
92400
92398
92386
92385
92382
92378
92374
92373
92366
92363
92361
92358
92357
92356
92352
92349
92348
92347
92345
92344
92342
92341
92333
92331
92327
92325
92323
92318
92316
92314
92313
92301
92300
92299
92297
92291
92289
92284
92282
92281
92277
92275
92274
92272
92270
92264
92261
92260
92257
92256
92254
92252
92250
92247
92245
92242
92239
92236
92232
92228
92222
92217
92215
92214
92211
92210
92206
92205
92203
92202
92201
92200
92198
92197
92195
92194
92191
92190
92189
92186
92182
92180
92179
92174
92171
92170
92168
92161
92159
92157
92156
92148
92147
92145
92143
92140
92139
92137
92125
92124
92123
92120
92115
92108
92107
92106
92105
92104
92102
92099
92095
92094
92090
92086
92083
92081
92079
92075
92074
92064
92061
92060
92057
92049
92045
92043
92042
92041
92039
92031
92028
92027
92024
92022
92020
92019
92018
92015
92009
92007
92005
92004
91984
91979
91977
91975
91971
91965
91960
91958
91946
91945
91943
91942
91937
91936
91935
91931
91926
91925
91924
91923
91918
91917
91916
91911
91907
91904
91902
91899
91895
91894
91889
91887
91885
91876
91875
91873
91871
91867
91860
91859
91857
91853
91852
91846
91845
91842
91839
91830
91828
91824
91823
91817
91816
91812
91809
91808
91805
91803
91801
91800
91799
91797
91793
91792
91791
91787
91783
91781
91779
91778
91776
91775
91773
91772
91771
91768
91766
91764
91761
91758
91751
91750
91748
91745
91744
91743
91739
91738
91727
91724
91720
91719
91718
91717
91716
91715
91714
91713
91712
91706
91705
91701
91700
91698
91696
91695
91694
91693
91692
91688
91687
91686
91685
91683
91680
91679
91678
91677
91676
91663
91659
91654
91653
91652
91651
91650
91648
91644
91641
91639
91636
91631
91628
91626
91623
91621
91620
91618
91615
91614
91611
91610
91604
91597
91596
91593
91592
91591
91590
91589
91587
91583
91577
91574
91572
91571
91567
91566
91563
91562
91561
91559
91556
91551
91548
91547
91544
91541
91538
91536
91534
91532
91531
91528
91526
91525
91524
91523
91522
91518
91517
91516
91513
91508
91500
91498
91496
91495
91494
91491
91490
91489
91487
91484
91481
91474
91470
91469
91467
91466
91461
91459
91457
91451
91449
91448
91445
91444
91443
91441
91440
91437
91436
91435
91434
91433
91432
91430
91428
91306
91282
91279
91277
91243
91190
90997
90857
90733
90716
90714
90707
90632
90546
90289
90275
90268
90176
90138
90104
90073
90055
90005
89919
89896
89821
89803
89779
89740
89358
89353
89279
89263
95636
95612
95608
95590
95582
95578
95569
95549
95528
95516
95515
95512
95505
95500
95478
95469
95456
95455
95437
95415
95413
95409
95373
95334
95314
95287
95285
95240
95237
95230
95214
95209
95195
95171
95132
95079
95078
95076
95032
95025
94995
94985
94977
94967
94933
94927
94926
94913
94908
94893
94883
94873
94870
94860
94827
94801
94747
94737
94705
94674
94673
94643
94634
94629
94618
94611
94608
94602
94534
94532
94528
94525
94513
94495
94489
94484
94483
94478
94458
94450
94436
94428
94424
94411
94409
94377
94376
94370
94367
94362
94346
94313
94308
94298
94295
94294
94273
94271
94270
94259
94258
94250
94232
94230
94227
94211
94210
94202
94187
94177
94165
94155
94147
94143
94141
94134
94130
94128
94114
94112
94100
94060
94051
94044
94042
94031
94007
94006
93998
93996
93990
93971
93968
93967
93960
93951
93942
93939
93918
93917
93912
93902
93900
93898
93897
93894
93890
93889
93878
93876
93873
93864
93858
93856
93854
93852
93845
93837
93836
93820
93818
93815
93805
93804
93803
93799
93797
93786
93782
93778
93774
93773
93771
93762
93761
93752
93748
93742
93735
93721
93709
93708
93707
93706
93699
93697
93686
93682
93676
93669
93653
93645
93644
93633
93624
93622
93616
93604
93603
93602
93597
93589
93583
93578
93572
93567
93566
93563
93560
93554
93550
93547
93543
93537
93534
93531
93525
93518
93516
93514
93513
93509
93508
93506
93503
93502
93496
93483
93482
93478
93476
93475
93468
93467
93463
93457
93456
93452
93449
93447
93446
93445
93443
93442
93440
93430
93427
93426
93424
93418
93417
93415
93414
93413
93409
93406
93400
93398
93395
93392
93391
93387
93381
93379
93376
93375
93370
93369
93361
93356
93355
93354
93352
93346
93340
93337
93334
93332
93321
93319
93314
93313
93303
93301
93299
93295
93294
93287
93283
93282
93281
93279
93274
93269
93265
93262
93261
93259
93257
93255
93254
93252
93251
93248
93245
93244
93242
93231
93226
93214
93204
93196
93195
93194
93193
93192
93190
93189
93185
93182
93178
93176
93173
93172
93159
93157
93146
93143
93140
93139
93136
93126
93122
93121
93113
93110
93107
93100
93097
93092
93091
93090
93069
93067
93066
93065
93064
93063
93062
93058
93049
93047
93044
93043
93039
93023
93022
93021
93020
93015
93011
93010
92999
92996
92992
92988
92984
92982
92974
92973
92971
92968
92964
92953
92949
92943
92942
92939
92938
92937
92936
92932
92931
92927
92926
92919
92918
92916
92915
92914
92913
92909
92902
92901
92899
92897
92896
92887
92883
92881
92874
92871
92869
92866
92859
92853
92852
92851
92849
92846
92843
92830
92827
92819
92817
92812
92811
92805
92802
92794
92793
92791
92789
92783
92782
92779
92771
92770
92767
92765
92763
92762
92756
92751
92747
92745
92742
92737
92735
92734
92730
92729
92726
92725
92722
92720
92713
92712
92705
92704
92703
92698
92697
92696
92689
92688
92679
92675
92668
92665
92664
92656
92652
92649
92647
92642
92638
92634
92632
92628
92626
92625
92624
92616
92615
92612
92611
92602
92598
92595
92593
92588
92587
92584
92581
92578
92563
92561
92560
92559
92557
92550
92546
92545
92544
92543
92541
92540
92539
92537
92535
92529
92528
92524
92522
92521
92518
92516
92515
92510
92502
92497
92496
92490
92487
92486
92484
92482
92481
92473
92470
92468
92467
92462
92460
92458
92456
92450
92448
92445
92444
92443
92441
92434
92433
92432
92428
92427
98446
98436
98343
98342
98274
98237
98214
98208
98133
98088
98069
97963
97785
97759
97712
97711
97665
97646
97636
97612
97556
97538
97537
97514
97469
97456
97389
97357
97280
97225
97195
97176
97126
97106
97066
97048
97025
96989
96984
96950
96931
96930
96839
96792
96781
96774
96765
96734
96726
96725
96721
96618
96615
96486
96470
96464
96415
96410
96397
96309
96277
96265
96161
96133
96120
96108
96031
96027
95988
95965
95933
95881
95864
95840
95828
95807
95799
95733
95722
95714
95693
76650
76616
76419
76418
76337
76333
76309
76247
76236
76220
76130
76059
75977
75762
75757
75730
75664
75650
75527
75505
75380
75326
75325
75300
75153
75148
75140
75103
75097
75071
74928
74814
74635
74618
74374
74209
74179
74163
74028
73999
73894
73882
73871
73835
73834
73786
73699
79764
79742
79723
79702
79676
79493
79359
79235
79215
79167
79163
79136
79123
79102
79030
79027
79023
78952
78889
78761
78669
78581
78566
78499
78491
78395
78245
78128
78117
78084
77978
77887
77855
77789
77715
77680
77665
77653
77591
77585
77582
77425
77347
77334
77204
77141
76975
76965
76881
76862
76784
76777
83481
83391
83369
83232
83205
83156
83078
82997
82914
82903
82789
82763
82756
82705
82596
82581
82573
82521
82394
82304
82291
82196
82155
82153
81953
81846
81795
81788
81621
81609
81595
81388
81321
81278
81178
80974
80813
80590
80513
80495
80468
80463
80442
80437
80417
80341
80334
80329
80306
80295
80192
80171
80034
79945
85970
85968
85923
85883
85831
85787
85746
85736
85728
85710
85709
85494
85444
85440
85438
85412
85387
85370
85332
85324
85285
85223
85126
85123
85094
85037
84889
84865
84863
84796
84761
84702
84698
84697
84574
84536
84478
84364
84271
84219
83991
83927
83814
83754
83713
83651
83634
83587
83540
64177
64106
64050
63995
63909
63884
63843
63820
63657
63634
63479
63470
63449
63404
63363
63329
63321
63283
63231
63185
63134
63128
63090
63045
62919
62911
62887
62857
62850
62843
62841
62833
62804
62748
62643
62591
62574
62538
62493
62486
62438
62401
62286
62224
62219
62213
62209
62191
62004
61995
61981
61948
61793
61787
61773
61767
61681
61643
61642
61580
61578
61569
61530
61407
61166
61097
61062
61018
61010
60978
67745
67705
67578
67550
67361
67333
67259
67236
67095
66833
66816
66729
66704
66685
66676
66671
66639
66577
66458
66177
66171
66153
66137
66109
66015
66005
65936
65878
65795
65724
65686
65581
65577
65515
65511
65132
65121
65104
64997
64986
64925
64825
64786
64724
64627
64585
64584
64556
64409
64371
64365
64301
64230
64212
71436
71374
71266
71232
71202
71092
71003
70949
70893
70757
70728
70690
70626
70563
70553
70516
70476
70469
70282
70194
70174
70033
70010
69936
69844
69839
69786
69717
69706
69699
69687
69670
69583
69489
69475
69272
69074
68948
68872
68824
68652
68506
68303
68261
68205
73458
73457
73298
73283
73273
73239
73180
73089
73056
72979
72964
72960
72876
72794
72786
72784
72781
72751
72570
72510
72476
72461
72442
72381
72360
72323
72321
72319
72168
72123
72100
72076
72033
72029
72024
71997
71925
71812
71741
71686
71566
51769
51702
51683
51664
51573
51529
51472
51456
51425
51351
51349
51335
51271
51228
51208
51174
51092
51021
50980
50954
50950
50928
50905
50765
50733
50671
50664
50647
50606
50597
50564
50562
50520
50516
50504
50450
50379
50372
50323
50318
50298
50297
50290
50262
50252
50237
50220
50215
50189
50180
50171
50158
50143
50135
50078
50073
50054
50037
50029
50022
50019
50012
50006
50001
49982
49963
49955
49953
49925
49867
49866
49857
49856
49848
49827
49822
49819
49817
49803
49796
49780
49777
49749
49739
49735
49718
49712
49685
49669
49659
49645
49636
49604
49602
49584
49578
49563
49559
49557
49550
49544
49534
49525
49509
49501
49485
49479
49454
49451
49446
49426
49409
49407
49406
49388
49371
49351
49350
49346
49342
49339
49334
49321
49320
49300
49298
49295
49285
49276
49267
49251
49243
49240
49234
49233
49205
49201
49188
49172
49162
49133
49125
49122
49100
49094
49065
49055
49046
49044
49004
48983
48978
48976
48951
48937
48924
48920
48916
48913
48911
48892
48881
48878
48872
48868
48856
48850
48845
48841
48822
48813
48803
48765
48763
48761
48757
48751
48750
48748
48733
48719
48717
48702
48688
48687
48679
48667
48665
48654
48653
48641
48640
48639
48632
48628
48611
48603
48602
48595
48573
48572
48569
48564
48561
48552
48549
48548
48544
48540
48539
48538
48536
55336
55327
55321
55133
55080
55074
55038
54910
54876
54777
54725
54717
54585
54566
54288
54258
54252
54236
54152
54129
54069
54039
54010
53815
53810
53777
53656
53649
53627
53610
53581
53561
53490
53471
53384
53272
53219
53217
53156
53095
53058
53050
52903
52879
52865
52846
52757
52741
52701
52693
52692
52666
52658
52657
52647
52619
52587
52564
52401
52363
52346
52274
52269
52265
52262
52255
52231
52136
52059
51918
51914
51905
58961
58907
58903
58562
58540
58460
58452
58247
58181
58138
58110
58069
58038
58009
57869
57860
57748
57731
57610
57593
57590
57520
57477
57447
57385
57348
57297
57153
57100
57097
56971
56939
56889
56888
56887
56785
56758
56647
56544
56440
56417
56402
56372
56271
56237
56230
56219
56195
56171
56149
56143
56128
55888
55823
55730
55715
55561
55547
55469
60798
60773
60662
60626
60560
60542
60515
60436
60300
60262
60226
60048
60009
60008
59972
59966
59955
59819
59797
59772
59695
59647
59541
59381
59347
59332
59311
59299
59174
59161
59080
39326
39320
39192
39178
39141
39116
38987
38819
38818
38772
38681
38453
38354
38353
38307
38301
38266
38252
38204
38170
38160
37962
37961
37959
37887
37882
37698
37692
37644
37635
37526
37440
37425
37423
37422
37057
37034
36965
36756
36686
36578
36573
36489
36477
36001
42944
42909
42859
42857
42855
42852
42828
42793
42715
42618
42593
42360
41989
41953
41941
41923
41796
41775
41735
41670
41606
41576
41510
41493
41403
41265
41261
41236
41216
41211
40972
40950
40935
40911
40872
40864
40859
40784
40701
40579
40574
40544
40416
40379
40358
40313
40294
40177
40165
40092
40047
40016
39995
39899
39897
39878
39827
39798
39796
39782
39655
39639
39597
39580
39337
46530
46239
46174
46168
46163
46083
46023
45952
45932
45861
45827
45795
45764
45679
45656
45618
45545
45489
45483
45438
45383
45356
45351
45339
45301
45300
45281
45215
45185
45170
45158
44919
44917
44888
44844
44817
44814
44688
44685
44681
44680
44598
44385
44363
44350
44303
44269
44227
44191
44182
44181
44059
44058
43966
43946
43935
43928
43902
43792
43779
43743
43730
43726
43677
43656
43618
43582
43472
43448
43389
43334
43168
43128
43123
48460
48422
48392
48348
48071
48067
48029
48010
48007
47976
47975
47903
47869
47749
47711
47639
47443
47421
47285
47241
47239
47124
47087
47047
47030
46960
46889
46827
46675
46669
46662
46606
26864
26832
26642
26450
26334
26242
26207
26144
26125
26033
26000
25967
25859
25831
25589
25484
25451
25445
25410
25374
25363
25335
25310
25280
25184
25183
25147
25081
25042
24910
24824
24805
24756
24651
24533
24373
24272
24248
24222
24199
24148
24135
24049
23984
23891
23689
23566
23541
23519
30492
30452
30370
30362
30279
30231
30214
30150
29786
29660
29659
29589
29569
29453
29282
29220
29048
29010
28935
28869
28737
28715
28566
28538
28450
28435
28246
28230
28177
28005
27994
27901
27794
27615
27554
27448
27421
27367
27281
27254
27200
27178
27158
27112
27086
27067
27034
26998
34095
34084
34019
33920
33915
33811
33665
33647
33630
33616
33432
33294
33272
33054
33000
32996
32951
32673
32638
32545
32415
32413
32287
32225
32207
32204
32179
32147
32144
32040
31796
31704
31652
31644
31596
31486
31445
31332
31210
31076
31037
31011
30939
30837
35587
35492
35487
35367
35257
35169
34968
34897
34830
34756
34735
34721
34705
34606
34497
34258
34200
34165
14463
14453
14291
14052
13678
13554
13331
13305
12917
12649
12634
12618
12557
12520
12519
12496
12472
12449
12403
12370
12361
12346
12283
12125
12084
12079
12076
11947
11946
11888
11762
11585
11520
11418
11342
11281
11155
11143
11104
17884
17765
17638
17630
17617
17568
17304
17256
17216
17017
16853
16800
16769
16712
16527
16402
16281
16218
16203
16174
16050
15905
15903
15841
15828
15716
15703
15668
15511
15493
15438
15332
15051
14929
14879
14859
14692
14667
14644
21687
21590
21557
21529
21513
21431
21396
21338
21267
21265
21165
21138
21110
21087
21022
20987
20848
20825
20513
20501
20497
20487
20482
20481
20477
20475
20463
20457
20444
20441
20435
20432
20418
20409
20327
20256
19708
19611
19589
19562
19447
19406
19314
19153
19127
19056
19040
18913
18875
18783
18498
18460
18420
18379
18265
18249
18242
23414
23401
23330
23303
23295
23294
23270
23219
23148
23021
22957
22948
22796
22761
22671
22623
22463
22438
22434
22406
22377
22354
22345
22240
22092
21934
21904
21849
21793
21779
2938
2933
2862
2829
2823
2810
2764
2752
2733
2732
2722
2716
2714
2713
2694
2666
2657
2631
2583
2567
2553
2541
2522
2519
2497
2496
2492
2460
2446
2399
2392
2376
2365
2362
2307
2263
2238
2216
2212
2208
2132
2118
2105
2036
2003
1974
1967
1950
1937
1915
1904
1903
1870
1830
1807
1806
1771
1725
1693
1684
1682
1673
1662
1643
1642
1621
1592
1586
1570
1515
1507
1498
1482
1480
1465
1464
1463
1459
1444
1435
1430
1379
1373
1367
1346
1337
1326
1306
1278
1272
1258
1257
1255
1238
1231
1225
1209
1195
1188
1176
1174
1169
1162
1160
1158
1156
1155
1139
1135
1129
1122
1116
1105
1098
1081
1076
1074
1059
1048
1031
1026
1012
993
992
989
977
965
939
932
926
891
889
871
865
846
838
836
829
828
825
813
812
807
806
795
791
786
781
761
745
716
711
708
699
694
685
678
672
669
665
661
646
645
643
630
618
608
589
588
586
583
575
571
568
566
554
551
546
545
539
497
495
487
485
471
453
445
444
441
439
438
432
428
400
399
397
391
390
385
382
378
351
346
332
331
317
303
299
289
283
282
271
265
264
261
245
243
238
232
219
215
209
208
206
198
196
185
170
169
157
153
146
145
143
138
135
134
124
123
120
113
108
97
94
93
67
50
43
42
36
31
30
28
25
23
21
16
14
11
10
9
7
5
5953
5783
5718
5597
5471
5449
5428
5324
5302
5293
5226
5124
5121
5084
4996
4872
4825
4701
4661
4590
4573
4571
4415
4374
4327
4240
4229
4145
4009
3960
3926
3910
3881
3880
3859
3828
3799
3794
3721
3684
3590
3581
3498
3484
3444
3363
3358
3339
3316
3310
3275
3224
3017
2952
2950
9166
9132
9023
8833
8783
8681
8669
8665
8533
8458
8392
8325
8126
8084
8019
7984
7960
7938
7936
7681
7638
7542
7463
7361
7355
7341
7188
7145
6982
6972
6927
6872
6871
6867
6824
6821
6736
6723
6633
6584
6480
6468
6443
6130
6122
10937
10796
10733
10663
10636
10633
10479
10447
10446
10437
10424
10304
10200
10183
10175
10165
10078
9987
9980
9874
9656
9466
9447
9433
9402
9376
9287
